Seconds
60
30
540
67
40
23
5
53
4
16
94
15
5
90
77
68
15
137
23
1
104
16
9
10
12
4
10
82
6
54
25
43
12
48
23
6
10
12
14
33
9
4
66
0.5
18
15
75
30
116
14
15
41
1
99
9
45
68
36
50
81
89
85
54
3
15
6
8
36
98
32
36
5
9
60
34
16
164
123
19
19
126
36
54
15
16
154
84
92
247
244
60
5
2
5
130
0.5
233
50
54
52
57
1
2
5
1
17
14
2
87
19
29
0.5
61
118
20
3
11
87
5
249
28
44
31
3
10
3
8
17
3
55
7
12
6
4
169
30
4
38
7
4
4
13
10
40
57
22
37
127
12
8
1
21
104
8
23
1
6
141
3
21
3
18
0.5
75
92
39
29
3
2
158
30
24
5
92
7
33
20
16
292
3
9
12
18
9
75
15
46
9
94
25
175
5
12
18
70
3
10
114
213
212
4
5
106
264
269
276
1
203
117
1
45
5
110
18
10
179
66
1
106
2
19
117
30
130
31
28
4
302
362
5
63
42
86
258
294
256
118
13
47
92
343
128
392
90
116
35
171
139
110
98
60
90
82
5
30
35
231
62
158
1622
353
33
70
35
116
809
1710
745
350
470
122
244
2384
249
607
83
2
26
586
352
673
330
649
123
1789
1288
111
75
74
333
287
1
881
13
1314
472
363
6
4
55
409
36
15
1404
17
71
34
434
60
19
20
79
24
540
1040
38
78
41
1757
205
2095
788
1
2668
470
10
20
338
222
28
56
561
65
100
900
212
287
53
3
4973
197
1174
783
1346
59
98
1594
25
98
722
228
78
33
453
1020
4327
925
302
649
43
185
157
30
1771
1088
556
55
4892
81
61
476
63
3
3
62
1
44
1236
1406
109
1471
1797
1749
2096
76
2167
2059
2177
1893
198
3326
3100
586
2686
124
229
1008